ndcg:  [0.83934379 0.81751442 0.84546322 0.83100146 0.84481156] 0.8356268882751465 0.010434394621281045
spearmans:  [0.45086227 0.31832616 0.52126177 0.49577    0.50245739] 0.45773551902822796 0.07343631923287171
RMSE:  [3.9348197  9.4617815  4.69384956 2.39151073 4.23686743] 4.943765783309937 2.3877440197417132
[0.12 0.1  0.09 0.12 0.15] 0.11599999999999999 0.020591260281974

ndcg:  [0.83322126 0.84768122 0.81723803 0.84127891 0.83344251] 0.8345723867416381 0.010201971257285915
spearmans:  [0.4895314  0.486093   0.46644848 0.48632283 0.51484628] 0.48864839760581347 0.015439451383531585
RMSE:  [3.81556201 3.2745223  3.82034731 5.68212652 2.79777265] 3.878066158294678 0.9790986964016739
[0.11 0.15 0.09 0.13 0.14] 0.124 0.02154065922853802


10%
ndcg:  [0.83153957 0.8313067  0.82650089 0.83929241 0.81695753] 0.8291194200515747 0.007333473197594827
spearmans:  [0.47725193 0.45623176 0.43876668 0.51409278 0.47372772] 0.4720141734160648 0.025121543759550287
RMSE:  [ 3.87143874  5.51729059 10.1701088   5.26052523  1.6888808 ] 5.301648831367492 2.787389053555946
[0.12 0.11 0.1  0.14 0.09] 0.11199999999999999 0.017204650534085257


20%
ndcg:  [0.83432275 0.84638041 0.82344109 0.84220731 0.88468045] 0.8462064027786255 0.02076418091929895
spearmans:  [0.48420735 0.49446445 0.43813147 0.48661336 0.50850345] 0.48238401661835695 0.02369667338088165
RMSE:  [3.70623994 3.1475141  9.71591949 4.07162523 1.53855062] 4.435969877243042 2.7784268002646306
[0.13 0.11 0.09 0.13 0.17] 0.126 0.026532998322843206

30%
ndcg:  [0.83619153 0.86723042 0.82084686 0.85055089 0.87379795] 0.8497235298156738 0.019512716975432835
spearmans:  [0.50646467 0.55080944 0.46418823 0.52046985 0.43254265] 0.49489496804844413 0.04182122631056493
RMSE:  [3.65524316 2.66946435 8.93095875 2.5263288  2.69782662] 4.095964336395264 2.450504156339095
[0.12 0.17 0.09 0.14 0.19] 0.142 0.0354400902933387

40%
ndcg:  [0.83235979 0.84349328 0.84450579 0.84816706 0.83993834] 0.841692852973938 0.005352641984007779
spearmans:  [0.49921716 0.50160586 0.46485501 0.46964137 0.45199631] 0.47746314232534165 0.019620463423559647
RMSE:  [3.73813891 3.49361849 4.51847744 7.98847198 9.54777527] 5.857296419143677 2.4507868769420003
[0.12 0.14 0.12 0.13 0.13] 0.128 0.007483314773547889

50%
ndcg:  [0.8410874  0.8099466  0.83388114 0.83090878 0.80051368] 0.8232675194740295 0.015386811764074452
spearmans:  [0.4675569  0.32194937 0.43572018 0.49082657 0.32239205] 0.40768901248423833 0.07198419366102797
RMSE:  [4.28765202 8.68402004 2.41810632 4.40598011 5.20068884] 4.999289464950562 2.056149383027968
[0.1  0.11 0.08 0.12 0.11] 0.10400000000000001 0.013564659966250534


70%
ndcg:  [0.8268382  0.85353619 0.84430617 0.83376896 0.82809198] 0.8373082995414733 0.010192204187904778
spearmans:  [0.49556057 0.50154739 0.46026223 0.50993939 0.5343806 ] 0.5003380350407911 0.024005995892341266
RMSE:  [3.16322017 4.94925642 4.72242451 3.14100003 2.16568375] 3.6283169746398927 1.0521445826855722
[0.12 0.12 0.09 0.13 0.15] 0.122 0.019390719429665314


90%
ndcg:  [0.83073276 0.84053051 0.83882976 0.83982152 0.81700402] 0.8333837151527405 0.008916313134738844
spearmans:  [0.49340818 0.45653094 0.45382905 0.4830837  0.46667595] 0.47070556248661183 0.015300991167400817
RMSE:  [3.64534712 3.61568117 5.08125114 1.99080777 4.40015888] 3.746649217605591 1.031371040151895
[0.12 0.11 0.13 0.1  0.09] 0.10999999999999999 0.01414213562373095


100
ndcg:  [0.84686989 0.80011183 0.86056459 0.82139754 0.77584612] 0.8209579944610595 0.030691839760710608
spearmans:  [0.45894569 0.33820635 0.49989036 0.33655108 0.33925308] 0.39456931514110394 0.07048351011977848
RMSE:  [2.4401226  8.18023396 3.94843793 9.5018568  8.06497574] 6.427125406265259 2.7294687913566733
[0.12 0.11 0.13 0.12 0.1 ] 0.11599999999999999 0.010198039027185569

ndcg:  [0.83515257 0.9049238  0.8493138  0.84823883 0.84358537] 0.8562428712844848 0.024847223494224715
spearmans:  [0.46780042 0.37349734 0.55093191 0.48580451 0.48960477] 0.4735277897475404 0.05734017537562254
RMSE:  [2.41958976 2.50008607 1.30403459 4.65852356 2.45802116] 2.668051028251648 1.0914741878803884
[0.12 0.16 0.08 0.14 0.11] 0.122 0.027129319932501075


300
ndcg:  [0.85605544 0.83904457 0.86127865 0.81744218 0.81709707] 0.838183581829071 0.018592330451091578
spearmans:  [0.47745757 0.37653204 0.44740921 0.35857492 0.46165651] 0.4243260498655587 0.04765885599926307
RMSE:  [2.26921844 2.31776905 2.28570175 1.67372859 6.72827959] 3.0549394845962525 1.8522243694388276
[0.14 0.12 0.09 0.1  0.08] 0.10599999999999998 0.02154065922853802

500
ndcg:  [0.86647195 0.86109501 0.8505246  0.84128129 0.83794504] 0.8514635801315308 0.01100297183528994
spearmans:  [0.53067994 0.46213869 0.52412586 0.52081674 0.50659753] 0.5088717528054236 0.024658138139899814
RMSE:  [2.52820706 2.36119485 2.79671836 4.80078697 2.79659605] 3.056700658798218 0.8877067176923598
[0.19 0.13 0.11 0.12 0.17] 0.14400000000000002 0.030724582991474434

700
ndcg:  [0.84533131 0.83715755 0.83810627 0.83109707 0.81861269] 0.8340609788894653 0.008948830155728619
spearmans:  [0.49154386 0.41728261 0.50274632 0.40757765 0.45334543] 0.4544991740231861 0.03817886725334393
RMSE:  [ 2.7892983   2.71985245  5.04057741 10.30187988  3.97243977] 4.964809560775757 2.801697339221113
[0.1  0.11 0.11 0.12 0.12] 0.11200000000000002 0.007483314773547879

900
ndcg:  [0.84643036 0.91264868 0.87839699 0.85071707 0.81630266] 0.8608991503715515 0.0325147836693384
spearmans:  [0.50515501 0.31036168 0.5147309  0.55602569 0.43620811] 0.46449627727438647 0.08615332617197476
RMSE:  [2.27667737 2.38569593 1.91792583 4.67021942 4.85126686] 3.220357084274292 1.268501895508001
[0.11 0.18 0.14 0.14 0.1 ] 0.134 0.027999999999999997

ndcg:  [0.85042048 0.78087723 0.85336423 0.84185296 0.85105109] 0.8355131983757019 0.027595629065617917
spearmans:  [0.44743102 0.13787158 0.4216188  0.4687248  0.49998301] 0.39512584142872237 0.13117110811045438
RMSE:  [2.68474936 9.87275696 1.75299132 6.56697702 4.98645926] 5.172786784172058 2.8966717188393565
OVER:  [0.1  0.02 0.12 0.12 0.15] 0.10200000000000001 0.044