LR方法结果：
ndcg:  [0.86050159 0.86065012 0.83182371 0.87352639 0.81765038] 0.8488304376602173 0.020723107836126322
spearmans:  [0.53043984 0.53542902 0.53302192 0.52917104 0.53167116] 0.5319465974938421 0.002160254675016205
[0.19 0.24 0.16 0.23 0.13] 0.19 0.04147288270665544
RF方法结果：
ndcg:  [0.88031369 0.89773375 0.8917532  0.90326375 0.88292515] 0.8911979079246521 0.008666194320124946
spearmans:  [0.47650464 0.4800345  0.47834631 0.47896057 0.48293406] 0.47935601663519545 0.0021245680265484664
[0.09 0.15 0.13 0.13 0.15] 0.13 0.021908902300206645
MLP方法结果：
ndcg:  [0.87281954 0.86472416 0.8960501  0.85118437 0.8842569 ] 0.8738070130348206 0.015486847561429987
spearmans:  [0.48797151 0.50162868 0.50234528 0.49806161 0.49964129] 0.4979296738631838 0.005201773311706539
[0.07 0.1  0.17 0.06 0.14] 0.10800000000000001 0.04166533331199932
pagerank:
Test NDCG 0.8714 | Test Spearman 0.1542 | Test Overlap 0.4300

PR
ndcg:  [0.8602882  0.87137538 0.85926849 0.83657414 0.86627603] 0.8587564468383789 0.011920108320337996
spearmans:  [0.15720537 0.15422615 0.15364349 0.14947639 0.15644301] 0.15419888238496512 0.0027087337570580244
[0.35 0.43 0.4  0.35 0.45] 0.396 0.04079215610874229
PPR
ndcg:  [0.89571363 0.91861117 0.8906343  0.87996119 0.88023627] 0.8930313110351562 0.014154933683748096
spearmans:  [0.44299173 0.4425028  0.44436821 0.44200702 0.4426567 ] 0.44290528984816274 0.000797281116129229
[0.27 0.28 0.32 0.29 0.3 ] 0.29200000000000004 0.017204650534085247



GENI:
ndcg:  [0.92688614 0.92577422 0.94646513 0.94479352 0.91721386] 0.9322265744209289 0.011455999326536835
spearmans:  [0.6187331  0.62848479 0.497594   0.69749332 0.36634596] 0.5617302337332675 0.11698340363461565
RMSE:  [1.81926966 1.76378381 1.8028363  1.41782713 2.45084977] 1.8509133338928223 0.33418308358863275
[0.19 0.23 0.28 0.26 0.29] 0.25 0.036331804249169895

RGTN:
ndcg:  [0.94304901 0.94435412 0.93558067 0.91329634 0.93791229] 0.9348384857177734 0.011242980465015047
spearmans:  [0.69791489 0.68918223 0.68889113 0.66658051 0.69748423] 0.6880105973670558 0.011395099716676403
RMSE:  [2.18915534 1.64113021 1.59369123 2.05345607 2.15137029] 1.9257606267929077 0.25607310623013035
[0.27 0.3  0.29 0.18 0.25] 0.258 0.04261455150532503


ours:
50
ndcg:  [0.95166427 0.95546746 0.95223337 0.94706857 0.94311184] 0.9499091029167175 0.004327808845009681
spearmans:  [0.60425036 0.64715302 0.63289264 0.64604536 0.63042316] 0.6321529091029136 0.015492546938969249
RMSE:  [3.77681661 4.17170811 7.66255903 4.83283091 5.22103739] 5.132990407943725 1.3608700500156081
[0.3  0.3  0.31 0.31 0.28] 0.3 0.010954451150103312

100
ndcg:  [0.95330292 0.9568544  0.95315868 0.94678736 0.953578  ] 0.9527362704277038 0.003272815375781117
spearmans:  [0.62136499 0.74228995 0.62410561 0.65946512 0.71894935] 0.6732350047935739 0.04929947774233994
RMSE:  [2.45653653 1.36595047 6.20748377 4.04575491 2.01112723] 3.2173705816268923 1.7371612118098632
[0.29 0.31 0.32 0.3  0.35] 0.31399999999999995 0.020591260281974

10%
ndcg:  [0.95113885 0.95522648 0.94758457 0.94729871 0.95452642] 0.9511550068855286 0.0033335477017153886
spearmans:  [0.60751974 0.71678871 0.61106377 0.69039146 0.72422219] 0.6699971762361835 0.050837590432125546
RMSE:  [2.25325322 1.75837016 2.60230041 2.30065393 1.55763614] 2.0944427728652952 0.3812530226474986
[0.31 0.32 0.34 0.32 0.37] 0.332 0.02135415650406262

30%
ndcg:  [0.9528318  0.95497626 0.95956689 0.94965887 0.94635433] 0.9526776313781739 0.004513677622965427
spearmans:  [0.62366714 0.63096387 0.74356906 0.59277066 0.62561075] 0.6433162975874007 0.05187993067782401
RMSE:  [2.46712422 7.51319313 1.80363774 8.13548088 3.12553716] 4.608994626998902 2.6656615082090083
[0.34 0.3  0.4  0.32 0.31] 0.334 0.03555277766926237