LR方法结果：
ndcg:  [0.82841897 0.78829515 0.78785729 0.82865113 0.82627875] 0.81190025806427 0.019470314516797177
spearmans:  [0.5963849  0.61803187 0.585068   0.61473136 0.59204183] 0.6012515909706644 0.012912745444398513
[0.33 0.26 0.31 0.26 0.32] 0.29600000000000004 0.030066592756745815

RF方法结果：
ndcg:  [0.80990452 0.80458373 0.81012815 0.83869541 0.84418863] 0.8215000867843628 0.01649478946795037
spearmans:  [0.5520288  0.61458361 0.57092366 0.61902051 0.60191301] 0.5916939178939442 0.025999365069994205
[0.31 0.34 0.3  0.35 0.33] 0.32599999999999996 0.01854723699099141

MLP方法结果：
ndcg:  [0.76383597 0.65410584 0.73679656 0.77920121 0.72977418] 0.7327427506446839 0.04320691066651053
spearmans:  [0.55257634 0.51655494 0.53824464 0.56923392 0.55214121] 0.5457502122746563 0.017593309158342906
[0.26 0.14 0.26 0.21 0.18] 0.21000000000000002 0.046475800154489
ndcg:  [0.84983641 0.82287365 0.82340282 0.8451187  0.83140916] 0.8345281481742859 0.011098026355634297
spearmans:  [0.65622539 0.67788291 0.64342185 0.65321551 0.65390724] 0.6569305783959084 0.011357159982925401
[0.38 0.28 0.26 0.3  0.24] 0.292 0.04833218389437829

PR
ndcg:  [0.84887177 0.85762614 0.83339071 0.88025343 0.82568812] 0.8491660356521606 0.01917372927284314
spearmans:  [0.6449478  0.62517178 0.57487391 0.66587992 0.59445357] 0.621065395282454 0.03297700828168089
[0.49 0.57 0.47 0.57 0.52] 0.524 0.04079215610874227
PPR
ndcg:  [0.82995915 0.81410027 0.81215852 0.81251019 0.83532798] 0.8208112239837646 0.00983091251618961
spearmans:  [0.66712251 0.67074526 0.67262969 0.67017382 0.67260344] 0.6706549453024001 0.0020205927249744397
[0.33 0.28 0.28 0.29 0.28] 0.29200000000000004 0.019390719429665314

一、GENI
ndcg:  [0.88157111 0.87531441 0.79312861 0.84934241 0.83401334] 0.8466739773750305 0.03185154115100589
spearmans:  [0.72280601 0.73865258 0.69157455 0.73226699        nan] nan nan  0.7212
RMSE:  [0.80611241 0.79446554 0.96808869 0.81179661 2.77637172] 1.2313669919967651 0.7751282106612102
[0.44 0.38 0.24 0.33 0.34] 0.34600000000000003 0.0656048778674269

二、RGTN
ndcg:  [0.82181627 0.82442611 0.83072257 0.87817371 0.85588992] 0.8422057151794433 0.021654839660669455
spearmans:  [0.71140535 0.69312104 0.69897236 0.73086955 0.74608489] 0.7160906375924104 0.01980232962440962
RMSE:  [1.07841814 1.19703054 0.96966326 0.99873358 0.90636063] 1.030041229724884 0.10014820592680305
[0.29 0.24 0.28 0.39 0.38] 0.316 0.05885575587824865

三、ours
1.只有无标签-top5
ndcg:  [0.88337648 0.83693153 0.87420797 0.84306866 0.87506652] 0.8625302314758301 0.018773069431331543
spearmans:  [0.74375258 0.72684203 0.74621109 0.67364852 0.71720368] 0.7215315829226873 0.026239551772908657
RMSE:  [1.32362151 0.90810347 1.02451777 1.15128207 1.31197798] 1.1439005613327027 0.1615281065648937
[0.42 0.33 0.35 0.34 0.36] 0.36000000000000004 0.031622776601683784

2.只有有标签-top5
ndcg:  [0.89558035 0.83403599 0.86977226 0.8674984  0.89110714] 0.8715988278388977 0.02184858930423753
spearmans:  [0.75070718 0.66694585 0.77442163 0.75127903 0.76661939] 0.7419946149189294 0.038606522053140024
RMSE:  [1.46780312 1.63468027 0.97908425 2.77507114 1.90700626] 1.7527290105819702 0.5937388966411314
[0.43 0.32 0.38 0.38 0.35] 0.372 0.03655133376499413

ndcg:  [0.89612573 0.85128564 0.87099302 0.88432974 0.88406986] 0.8773607969284057 0.015271955354070004
spearmans:  [0.74725721 0.7303527  0.7562874  0.75037942 0.74844486] 0.746544317844565 0.008670923947666097
RMSE:  [1.58543408 1.11245787 1.11259508 1.50754309 1.10363293] 1.2843326091766358 0.21548646906438212
[0.42 0.36 0.39 0.4  0.38] 0.38999999999999996 0.02

3.都有-top5 (0.3 0.7 0.7)
ndcg:  [0.88987541 0.83637321 0.8660087  0.86540151 0.87781924] 0.8670956134796143 0.017786696422688004
spearmans:  [0.74639886 0.70495254 0.761476   0.73765232 0.75880887] 0.7418577195253812 0.020359360820297615
RMSE:  [1.19064033 1.41446352 1.14566302 1.17031074 1.61830914] 1.3078773498535157 0.18259851481089498
[0.44 0.32 0.39 0.36 0.36] 0.37399999999999994 0.0397994974842648

4.都有-top8 (0.3 0.7 0.7)——结果
ndcg:  [0.88314766 0.8711955  0.85220653 0.88307619 0.87701434] 0.8733280420303344 0.011451690987129634
spearmans:  [0.75068262 0.76086154 0.74756392 0.75884456 0.74640465] 0.7528714578021314 0.005904232945531333
RMSE:  [1.01791131 1.64443147 1.07609153 1.20000696 1.38662612] 1.2650134801864623 0.22791422910179443
[0.4  0.35 0.33 0.38 0.35] 0.362 0.024819347291981722

ndcg:  [0.89031804 0.86237162 0.85343063 0.87992352 0.88651466] 0.8745116949081421 0.014247752392469157
spearmans:  [0.73271286 0.74465189 0.72485874 0.74676622 0.75854001] 0.741505945833673 0.011680536476885916
RMSE:  [1.25289154 1.00293255 1.24583769 1.11964118 1.61051822] 1.2463642358779907 0.20394544519047825
[0.45 0.34 0.34 0.37 0.38] 0.376 0.040298883359219766

5.都有-top10 (0.3 0.7 0.7)
ndcg:  [0.8567608  0.85615218 0.8630324  0.85782534 0.88425243] 0.8636046290397644 0.01060600136877848
spearmans:  [0.74011464 0.75647072 0.67673938 0.7219411  0.76992375] 0.7330379162206546 0.03241112635758839
RMSE:  [1.04464829 0.74874771 0.89102554 1.4216547  1.77883577] 1.1769824028015137 0.37543590974609353
[0.38 0.37 0.33 0.33 0.39] 0.36000000000000004 0.025298221281347028

6.都有-top12 (0.3 0.7 0.7)

7.都有-top15 (0.3 0.7 0.7)
ndcg:  [0.89916348 0.85990524 0.87029344 0.85978055 0.87217259] 0.8722630620002747 0.014394784709964373
spearmans:  [0.76344104 0.73017663 0.67702927 0.71494725 0.76480377] 0.7300795925530043 0.03274778667417026
RMSE:  [1.55015838 1.90191388 1.29310715 0.97778094 2.15923548] 1.5764391660690307 0.420700538272437
[0.43 0.38 0.35 0.34 0.35] 0.37 0.03286335345030997

ndcg:  [0.85645664 0.86254096 0.86410379 0.88504505 0.86876214] 0.8673817157745362 0.009668857347825492
spearmans:  [0.72637311 0.76196571 0.7612464  0.74714501 0.71879353] 0.743104752010406 0.017732243067554658
RMSE:  [1.19764423 1.29367542 1.2752285  1.23507595 1.39158726] 1.2786422729492188 0.065502558340402
[0.35 0.36 0.38 0.4  0.32] 0.362 0.02712931993250108