LR方法结果：
ndcg:  [0.79015398 0.7912724  0.82566738 0.81549639 0.78014052] 0.800546133518219 0.01711709764554421
spearmans:  [0.35429325 0.37145927 0.38068671 0.3897137  0.37363002] 0.3739565898535774 0.011718116594616655
[0.02 0.03 0.07 0.03 0.02] 0.034 0.01854723699099141

RF方法结果：
ndcg:  [0.82454765 0.81148064 0.78696817 0.77496636 0.80682737] 0.8009580373764038 0.0177365591315945
spearmans:  [0.32869005 0.35007007 0.38573082 0.3655038  0.36569997] 0.35913894130642426 0.018974014735401716
[0.02 0.02 0.   0.01 0.03] 0.016 0.010198039027185569

MLP方法结果：
ndcg:  [0.77196938 0.80230951 0.78059042 0.80641514 0.79383862] 0.7910246133804322 0.012993155245899201
spearmans:  [0.37243293 0.38287282 0.37448604 0.41650007 0.39880004] 0.3890183819573053 0.01658287171835549
[0.01 0.02 0.02 0.06 0.01] 0.024 0.01854723699099141

PR
ndcg:  [0.83538085 0.84254682 0.83049411 0.8341735  0.82460213] 0.8334394812583923 0.005899583063256945
spearmans:  [0.34405695 0.34753232 0.35783902 0.35832325 0.34467119] 0.35048454632022075 0.006314399859768063
[0.12 0.13 0.1  0.11 0.09] 0.10999999999999999 0.01414213562373095

PPR
ndcg:  [0.83552182 0.84264123 0.83079523 0.83521855 0.8263374 ] 0.8341028451919555 0.005429638637942313
spearmans:  [0.34365138 0.34669304 0.35480961 0.35470439 0.3458915 ] 0.34914998289946547 0.004685548535944144
[0.12 0.13 0.1  0.11 0.09] 0.10999999999999999 0.01414213562373095

一、GENI
0.7928  0.2797  0.095
ndcg:  [0.77222973 0.77276409 0.82613033 0.80040979 0.72618687] 0.7795441627502442 0.03332301445200777
spearmans:  [0.23312195 0.24907839 0.36194536 0.27421991        nan] nan nan
RMSE:  [ 9.58028984  9.69495392  2.80698514  9.86355877 10.1208477 ] 8.413327074050903 2.8090652543118813
[0.08 0.1  0.09 0.11 0.01] 0.078 0.0354400902933387

二、RGTN
ndcg:  [0.80823749 0.80527413 0.79048997 0.8256861  0.82680506] 0.8112985491752625 0.013609657359088931
spearmans:  [0.34101152 0.48857131 0.18901396 0.16021678 0.13730373] 0.2632234607835548 0.13327103112106234
RMSE:  [1.46866858 1.40842772 9.94874287 4.47755432 2.74680257] 4.010039210319519 3.1720493489189394
[0.01 0.02 0.02 0.   0.03] 0.016 0.010198039027185569

三、ours
1.只有无标签-top5
ndcg:  [0.85044444 0.83500218 0.82286143 0.8330068  0.79872483] 0.8280079364776611 0.017095563482627255
spearmans:  [0.47242144 0.40932042 0.45266748 0.46354074 0.47539936] 0.4546698866111038 0.02401709689872491
RMSE:  [3.21104193 8.75521374 3.13999343 6.51134682 1.91057122] 4.705633425712586 2.5360247099099267
[0.16 0.11 0.09 0.11 0.09] 0.11199999999999999 0.025612496949731396

2.只有有标签-top5
ndcg:  [0.84027869 0.83840036 0.84161854 0.82807827 0.81387633] 0.8324504375457764 0.010438873852715714
spearmans:  [0.40024654 0.40243252 0.30462137 0.40690788 0.35414265] 0.37367019121467776 0.03946487658720356
RMSE:  [ 3.55043697  4.11120749  6.46295071 10.29535484  8.74482727] 6.63295545578003 2.598584478882408
[0.12 0.11 0.1  0.11 0.08] 0.10399999999999998 0.013564659966250536

3.都有-top5 (0.3 0.7 0.7)
ndcg:  [0.84129459 0.84516263 0.84266597 0.83382314 0.87355828] 0.847300922870636 0.013661849220213164
spearmans:  [0.49128431 0.51469355 0.47724042 0.44349469 0.47998574] 0.4813397421740465 0.02307490717015867
RMSE:  [4.19161034 2.68151188 4.21322393 3.40182233 2.14303923] 3.3262415409088133 0.8193848213387835
[0.12 0.18 0.09 0.13 0.14] 0.132 0.029257477676655583

ndcg:  [0.83660871 0.8439309  0.85130107 0.85466403 0.82122165] 0.8415452718734742 0.011919630330901388
spearmans:  [0.49452911 0.49279099 0.55625722 0.62862945 0.5301196 ] 0.5404652730319416 0.050024612776294275
RMSE:  [2.89033508 3.02423453 4.18072224 3.77409792 3.24619722] 3.4231173992156982 0.48402844977685205
[0.13 0.11 0.15 0.21 0.12] 0.144 0.035552777669262355

——加pr
ndcg:  [0.84018791 0.87435704 0.8138867  0.83784288 0.81614923] 0.8364847540855408 0.0217902434631422
spearmans:  [0.50853599 0.54323542 0.45480058 0.48813971 0.51662979] 0.5022682996668856 0.029585951791212477
RMSE:  [5.96770573 3.22457576 4.17672491 3.99779177 1.5994494 ] 3.79324951171875 1.4179773998034981
[0.14 0.13 0.1  0.12 0.09] 0.11599999999999999 0.018547236990991412



5.都有-top10 (0.3 0.7 0.7)
ndcg:  [0.83681417 0.86566144 0.82802266 0.84210092 0.81408602] 0.8373370409011841 0.017044690241203513
spearmans:  [0.49002437 0.54729091 0.45603768 0.53088586 0.4936535 ] 0.5035784639866849 0.03224535884493277
RMSE:  [3.62843418 3.81011462 7.6875515  4.31146002 3.78470397] 4.644452857971191 1.5387602776651732
[0.14 0.16 0.09 0.13 0.08] 0.12 0.030331501776206207


6.都有-top12 (0.3 0.7 0.7)
ndcg:  [0.8476634  0.85153204 0.82469589 0.85504282 0.81416088] 0.8386190056800842 0.016188527855028036
spearmans:  [0.4907569  0.56410436 0.45797669 0.51617632 0.425695  ] 0.49094185196975 0.047609702595417205
RMSE:  [2.63354778 2.85406995 9.52702618 3.47934866 3.50402689] 4.3996038913726805 2.586388079729346
[0.15 0.2  0.09 0.17 0.08] 0.13799999999999998 0.046216880033165375


7.都有-top15 (0.3 0.7 0.7)
ndcg:  [0.83190054 0.85417187 0.81442291 0.86218113 0.8546527 ] 0.8434658288955689 0.017704661954050255
spearmans:  [0.49654187 0.46747434 0.46252095 0.47923164 0.48790585] 0.478734932940508 0.012578819452809774
RMSE:  [3.0562923  3.08154845 2.05941892 1.77869523 3.89044118] 2.7732792139053344 0.7644568029748696
[0.1  0.14 0.09 0.15 0.17] 0.13 0.030331501776206207

8.都有-top20 (0.3 0.7 0.7)——————结果
ndcg:  [0.84547794 0.83504117 0.85020638 0.8451761  0.87338567] 0.8498574495315552 0.012761788456390427
spearmans:  [0.50133801 0.44616964 0.57079019 0.50486409 0.45860054] 0.4963524946120675 0.043776253354249124
RMSE:  [2.36833906 6.67904711 3.36123061 5.70574808 1.6713798 ] 3.9571489334106444 1.9272002809975828
[0.17 0.11 0.14 0.13 0.16] 0.14200000000000002 0.021354156504062624

8.都有-top25 (0.3 0.7 0.7)
ndcg:  [0.84737337 0.84519416 0.82654363 0.84135371 0.85045338] 0.8421836495399475 0.008362819588928923
spearmans:  [0.47460546 0.48467486 0.45184983 0.49102295 0.48949431] 0.47832948229933886 0.014429700666273408
RMSE:  [2.49213243 5.11878204 6.99134684 5.76071548 5.3081913 ] 5.134233617782593 1.4732649301818135
[0.12 0.16 0.09 0.14 0.16] 0.134 0.026532998322843202

9.都有-top30 (0.3 0.7 0.7)
ndcg:  [0.84932065 0.83613735 0.82496351 0.84083986 0.83676225] 0.8376047253608704 0.007878988196841893
spearmans:  [0.53107478 0.4778605  0.44552724 0.51054071 0.4677579 ] 0.48655222520385555 0.030559867998772305
RMSE:  [2.33114862 5.40270329 7.34186649 4.05001307 7.55414534] 5.3359753608703615 1.981464742638663
[0.16 0.11 0.09 0.13 0.12] 0.122 0.023151673805580458

10都有-top40
ndcg:  [0.84519386 0.83396018 0.85683066 0.86213171 0.8230958 ] 0.8442424416542054 0.014368715771093865
spearmans:  [0.41061995 0.32428946 0.56674779 0.55817881 0.47345406] 0.46665801400855234 0.09148691134741617
RMSE:  [2.94701576 2.09015751 2.67909598 4.90176153 4.95378637] 3.514363431930542 1.186990268807477
[0.11 0.05 0.11 0.15 0.09] 0.10200000000000001 0.03249615361854384


