1.FB15K
    (1)RGTN:fullbatch
    ndcg:  [0.92534769 0.9258219  0.94068789 0.93225783 0.92586118] 0.9299952983856201 0.005925523819503723
    spearmans:  [0.72941398 0.70466622 0.73899414 0.72837948 0.72163781] 0.7246183263639474 0.011408582879538862
    RMSE:  [2.36039925 1.87398672 1.66101217 1.65507174 1.83510804] 1.8771155834198 0.2574263687495632
    over:[0.3  0.37 0.42 0.37 0.3 ] 0.352 0.04621688003316537


2.IMDB
    (1)RGTN
    ndcg:  [0.95237422 0.96648288 0.95518798 0.9675476  0.966447  ] 0.9616079330444336 0.0064643407380059175
    spearmans:  [0.72644455 0.76540638 0.72417969 0.77010925 0.77679403] 0.752586779795816 0.022573208908474716
    OVER:  [0.51 0.57 0.52 0.59 0.57] 0.5519999999999999 0.03124099870362659


3.TMDB
    (1)70%
    RGTN:
    ndcg:  [0.90032715 0.93099034 0.92245859 0.78672618 0.9062435 ] 0.8893491506576539 0.05247405783039165
    spearmans:  [0.78903335 0.77283789 0.7948219  0.55798747 0.78680717] 0.7402975526802631 0.09144076422955597
    RMSE:  [0.77980286 0.96689409 1.35737979 1.13211226 0.74318004] 0.9958738088607788 0.22831036608959696
    OVER:[0.51 0.59 0.51 0.29 0.57] 0.49400000000000005 0.1068831137270991

    GENI:
    ndcg:  [0.90574837 0.90357935 0.90818673 0.8284744  0.86789989] 0.882777750492096 0.030906881401213504
spearmans:  [0.78593698 0.74505906 0.7675702  0.58135645 0.71880207] 0.719744953050607 0.0727484830319573
RMSE:  [0.74002874 0.75336206 0.84381306 1.76379311 1.09533823] 1.0392670392990113 0.3840753783868635
OVER:  [0.5  0.53 0.5  0.35 0.58] 0.492 0.07678541528180986

    CLNIE:
    ndcg:  [0.89511698 0.90626323 0.92213494 0.88958144 0.90381116] 0.9033815503120423 0.01112586317422391
    spearmans:  [0.80999333 0.76676515 0.79796637 0.78097675 0.79465201] 0.7900707203671713 0.014873397060079424
    RMSE:  [1.58859777 1.93697822 1.59305787 1.47957993 1.42665517] 1.6049737930297852 0.1778528917290878
    OVER:  [0.49 0.51 0.51 0.47 0.6 ] 0.516 0.04454211490264017

ndcg:  [0.90371293 0.92251652 0.92125505 0.8666355  0.89586556] 0.9019971132278443 0.020410281839228685
spearmans:  [0.80796257 0.76882464 0.78485372 0.74284023 0.78794181] 0.7784845934711018 0.0217384049305095
RMSE:  [1.29285097 1.07718158 1.96311665 1.39682579 2.36948133] 1.6198912620544434 0.47559148115332994
OVER:  [0.54 0.58 0.51 0.45 0.58] 0.532 0.04874423042781575

    (3)60%
    RGTN:
    ndcg:  [0.89743227 0.90327841 0.90903056 0.85872585 0.90455568] 0.8946045517921448 0.018317466422013366
    spearmans:  [0.7751759  0.75212043 0.75191669 0.75526408 0.76075248] 0.7590459166662992 0.008673857529390103
    OVER:  [0.5  0.57 0.49 0.47 0.59] 0.5239999999999999 0.047159304490206375

    GENI:
    ndcg:  [0.90147716 0.90760696 0.9130047  0.82835007 0.8729583 ] 0.8846794366836548 0.031370489110759806
    spearmans:  [0.78651446 0.74861329 0.77016057 0.57808205 0.7085506 ] 0.7183841943655592 0.0748568186100114
    RMSE:  [0.73918742 0.74667078 0.81787527 1.67521358 1.1163218 ] 1.0190537691116333 0.3558081552537495
    OVER:[0.51 0.56 0.51 0.35 0.61] 0.508 0.08726969691708573

    CLNIE:
    ndcg:  [0.89742678 0.92821729 0.92360348 0.88712168 0.91004401] 0.909282648563385 0.015465164938256774
    spearmans:  [0.78891583 0.789566   0.81245245 0.75899081 0.76667818] 0.7833206545500612 0.01890970580907711
    RMSE:  [0.79398775 1.10965466 1.20591104 1.12346745 1.6728214 ] 1.1811684608459472 0.28308562046825014
    OVER:  [0.5  0.59 0.54 0.5  0.62] 0.55 0.04816637831516917

    (4)50%
    RGTN:
    ndcg:  [0.89166141 0.88817894 0.89412946 0.86766899 0.8808707 ] 0.8845018982887268 0.009528920096729652
    spearmans:  [0.76752158 0.72319154 0.77406749 0.74948018 0.75043207] 0.7529385716306888 0.017676109976015705
    OVER:  [0.46 0.44 0.52 0.42 0.4 ] 0.44799999999999995 0.04118252056394801


    GENI:
    ndcg:  [0.88997591 0.89058447 0.81929392 0.89651078 0.88373482] 0.8760199785232544 0.02865006167868616
    spearmans:  [0.76326228 0.76324138 0.54012121 0.76498692 0.77204605] 0.7207315675994553 0.0903634416895338
    RMSE:  [0.7704758  0.81037241 1.22505045 0.76438111 0.74342948] 0.8627418518066406 0.18244636389518976
    OVER:  [0.47 0.46 0.35 0.46 0.45] 0.438 0.04445222154178575


    CLNIE:
ndcg:  [0.90454727 0.90741533 0.89885902 0.88598573 0.88069659] 0.8955007910728454 0.010438135936885752
spearmans:  [0.79998066 0.77984877 0.7769644  0.78165845 0.77281228] 0.7822529118944843 0.009354146272026655
RMSE:  [0.92206156 1.67566526 1.4025135  1.19551468 1.01693773] 1.2425385475158692 0.2716627339136338
OVER:  [0.49 0.49 0.55 0.49 0.49] 0.502 0.02400000000000002


    (5)40%
    RGTN
    ndcg:  [0.88079411 0.88308805 0.89017296 0.91077936 0.87899786] 0.8887664675712585 0.011642801058633774
    spearmans:  [0.75261994 0.7277892  0.74564853 0.7775071  0.76099147] 0.7529112497626709 0.016457187434560552
    OVER:  [0.44 0.42 0.48 0.52 0.47] 0.466 0.034409301068170514

    GENI:
    ndcg:  [0.88033193 0.81277609 0.8597011  0.8678298  0.81156611] 0.8464410066604614 0.02874540030120511
    spearmans:  [0.74339318        nan 0.71154088 0.73802166 0.53063321] nan nan
    RMSE:  [0.79378688 2.7763207  0.86328852 0.82318622 5.28416443] 2.1081493496894836 1.7585154052068293
    OVER:  [0.47 0.37 0.44 0.44 0.33] 0.41 0.05176871642217913

    CLNIE:
    ndcg:  [0.84955847 0.88846993 0.90164781 0.88088173 0.8890121 ] 0.8819140076637269 0.017497040443772215
    spearmans:  [0.71438064 0.79071884 0.79702093 0.7384461  0.74146872] 0.7564070474871719 0.03205855640532285
    RMSE:  [1.92859185 1.67473996 1.42942715 0.93254727 1.31411612] 1.4558844685554504 0.3364610132833909
    OVER:  [0.4  0.46 0.49 0.44 0.51] 0.45999999999999996 0.03847076812334268

    (6)30%
    RGTN:
    ndcg:  [0.8677882  0.89042616 0.86776888 0.87962347 0.85073102] 0.8712675452232361 0.01328886431092536
    spearmans:  [0.75913665 0.72671196 0.67722971 0.74642809 0.74363955] 0.7306291918570259 0.028630050424441923
    OVER:  [0.42 0.47 0.44 0.43 0.39] 0.43 0.026076809620810583


    GENI:
    ndcg:  [0.88867384 0.87121123 0.83361417 0.87018007 0.8697921 ] 0.8666942834854126 0.017997471354197873
    spearmans:  [0.75521732 0.73179324 0.61167192 0.7153526  0.71074377] 0.7049557706930563 0.049173050568252136
    RMSE:  [0.77635157 0.78472281 2.85004425 0.93904132 1.17011273] 1.3040545344352723 0.7860579013445553
    OVER:  [0.43 0.43 0.4  0.4  0.46] 0.42400000000000004 0.022449944320643643


    CLNIE:
    Test NDCG 0.9105 | Test Loss 2.3903 | Test Spearman 0.7854 | Test Overlap 0.4700
    Test NDCG 0.8605 | Test Loss 0.9610 | Test Spearman 0.6701 | Test Overlap 0.3800
    Test NDCG 0.8971 | Test Loss 0.8767 | Test Spearman 0.7706 | Test Overlap 0.5400


    Test NDCG 0.8958 | Test Loss 2.5949 | Test Spearman 0.7752 | Test Overlap 0.4300
    Test NDCG 0.8605 | Test Loss 0.9647 | Test Spearman 0.6699 | Test Overlap 0.3800

    ndcg:  [0.89374155 0.86841935 0.90730298 0.90157366 0.87346089] 0.8888996839523315 0.015365903273659892
spearmans:  [0.76364998 0.70355435 0.77417561 0.75150493 0.71966651] 0.7425102758750495 0.02672035298307503
RMSE:  [1.92259836 0.88771427 1.25647295 1.44615388 1.32411349] 1.3674105882644654 0.334282614056273
OVER:  [0.44 0.42 0.57 0.5  0.48] 0.48200000000000004 0.052306787322488064

    (7)20%
    RGTN:
    ndcg:  [0.86960846 0.83515257 0.81225705 0.80149084 0.8789475 ] 0.8394912838935852 0.03055617281521884
    spearmans:  [0.76504229 0.74743973 0.7252093  0.61333427 0.75637593] 0.7214803031458874 0.055675331262597175
    OVER:  [0.39 0.34 0.28 0.17 0.36] 0.308 0.07782030583337488

    GENI:
    ndcg:  [0.8563289  0.88019508 0.82323128 0.78282291 0.89086419] 0.8466884732246399 0.03948715089333466
    spearmans:  [0.75239077 0.74618057 0.71036057 0.60298312 0.74865303] 0.7121136114906343 0.05662238806290147
    RMSE:  [0.76272666 0.78183687 0.92347127 1.71661437 0.7760157 ] 0.9921329736709594 0.3669185468072166
    [0.38 0.37 0.26 0.24 0.41] 0.33199999999999996 0.06852736679604725

    CLNIE:
    ndcg:  [0.85212618 0.87748146 0.86527258 0.8533752  0.88659763] 0.8669706106185913 0.013444505675666255
    spearmans:  [0.73073502 0.73164433 0.74097941 0.72416539 0.78021607] 0.7415480422183635 0.02006340423906165
    RMSE:  [1.36371183 1.03087783 1.2191385  1.53628922 1.18070078] 1.2661436319351196 0.171673033191288
    OVER:  [0.34 0.37 0.35 0.33 0.35] 0.34800000000000003 0.01326649916142159


    (8)10%
    RGTN:


    GENI:
    ndcg:  [0.88157111 0.87531441 0.79312861 0.84934241 0.83401334] 0.8466739773750305 0.03185154115100589
    spearmans:  [0.722808   0.73865301 0.69157455 0.73226741        nan] nan nan
    RMSE:  [0.80611229 0.79446536 0.96808839 0.8117969  2.77637172] 1.2313669323921204 0.7751282318808729
    OVER:  [0.44 0.38 0.24 0.33 0.34] 0.34600000000000003 0.0656048778674269


    CLNIE:


70%
LR方法结果：
ndcg:  [0.87158889 0.89137959 0.89981604 0.89950567 0.86603332] 0.885664701461792 0.01419868107281259
spearmans:  [0.74506205 0.70493449 0.75187367 0.73284191 0.74646847] 0.7362361195574071 0.01684306241144038
over:  [0.45 0.48 0.45 0.5  0.55] 0.48599999999999993 0.037202150475476564
RF方法结果：
ndcg:  [0.7593751  0.74531245 0.73580998 0.77340168 0.7704857 ] 0.7568769812583923 0.014436482686667348
spearmans:  [0.65875845 0.63780869 0.68045364 0.6612533  0.68275214] 0.6642052442560653 0.016389980679490962
over:  [0.15 0.18 0.19 0.24 0.27] 0.20600000000000002 0.04317406628984581
MLP方法结果：
ndcg:  [0.85158551 0.86444384 0.85053605 0.86124396 0.83147442] 0.8518567562103272 0.011522253549481535
spearmans:  [0.66804743 0.63596406 0.67071858 0.66473785 0.63173739] 0.654241061176374 0.0168093476251171
over:  [0.39 0.42 0.41 0.43 0.41] 0.41200000000000003 0.013266499161421592

60%
LR方法结果：
ndcg:  [0.8626225  0.89315075 0.90317553 0.89614844 0.86444467] 0.8839083790779114 0.01696106286626944
spearmans:  [0.74188655 0.70548498 0.75027338 0.73170826 0.74434729] 0.7347400929606394 0.015809535416791445
over:  [0.43 0.48 0.46 0.51 0.53] 0.48200000000000004 0.03544009029333871
RF方法结果：
ndcg:  [0.77684873 0.73423469 0.78858709 0.7588371  0.75013381] 0.7617282867431641 0.01922868689660993
spearmans:  [0.63021227 0.63338456 0.70046535 0.64367542 0.67581083] 0.6567096875233889 0.027186315550821634
over:  [0.21 0.2  0.25 0.19 0.21] 0.21200000000000002 0.020396078054371138
MLP方法结果：
ndcg:  [0.85666233 0.84721369 0.84919792 0.84430546 0.84037924] 0.8475517272949219 0.005437099466127869
spearmans:  [0.66920073 0.61147156 0.66195399 0.66047073 0.66491338] 0.6536020759963656 0.0212752296082079
over:  [0.45 0.43 0.4  0.44 0.47] 0.438 0.023151673805580437

50%
LR方法结果：
ndcg:  [0.86324185 0.88471478 0.90248626 0.87824655 0.85198408] 0.876134705543518 0.01744683629253045
spearmans:  [0.72845206 0.72156683 0.74671847 0.73636581 0.73602802] 0.7338262385077261 0.008446084504159308
over:  [0.42 0.42 0.48 0.42 0.38] 0.42399999999999993 0.031999999999999994
RF方法结果：
ndcg:  [0.77363932 0.73914903 0.75985396 0.74476808 0.73827726] 0.7511375308036804 0.013652745316141678
spearmans:  [0.65024984 0.64740463 0.6804689  0.64881273 0.63814824] 0.6530168686628487 0.014363276120031037
over:  [0.2  0.17 0.17 0.16 0.18] 0.17600000000000002 0.013564659966250536
MLP方法结果：
ndcg:  [0.87614948 0.88530231 0.88630545 0.87520474 0.85570896] 0.8757341861724853 0.010997846531538853
spearmans:  [0.71008147 0.70839387 0.71514296 0.69925192 0.71335514] 0.7092450737981969 0.005531093515532275
over:  [0.44 0.5  0.53 0.43 0.45] 0.47000000000000003 0.0384707681233427

40%
LR方法结果：
ndcg:  [0.86316395 0.84601808 0.88231438 0.88117981 0.88202816] 0.87094087600708 0.014413514053600047
spearmans:  [0.731573   0.7356153  0.72406015 0.73234341 0.7324582 ] 0.7312100120044566 0.0038340949616435653
over:  [0.38 0.41 0.43 0.43 0.46] 0.422 0.026381811916545844
RF方法结果：
ndcg:  [0.72977322 0.72312629 0.72173941 0.73490822 0.73133636] 0.7281767010688782 0.004995818566054374
spearmans:  [0.66237426 0.64308306 0.63351449 0.67703806 0.65131516] 0.6534650059555779 0.015136004716616953
over:  [0.14 0.15 0.12 0.18 0.14] 0.14600000000000002 0.019595917942265423
MLP方法结果：
ndcg:  [0.78615505 0.85062808 0.85977525 0.84900326 0.86222297] 0.8415569186210632 0.028164142250246094
spearmans:  [0.6397428  0.67141494 0.65077594 0.6505005  0.67177367] 0.6568415713953799 0.012686369689934954
over:  [0.33 0.37 0.4  0.42 0.45] 0.394 0.04127953488110059

30%
LR方法结果：
ndcg:  [0.8549726  0.87549782 0.89738959 0.88141662 0.84315008] 0.8704853415489197 0.01926820206321354
spearmans:  [0.72068859 0.71312355 0.73913777 0.72961674 0.72640895] 0.7257951214387484 0.00871382015931688
over:  [0.39 0.41 0.48 0.42 0.4 ] 0.42000000000000004 0.031622776601683784
RF方法结果：
ndcg:  [0.72201759 0.71466237 0.75243896 0.71415454 0.75292891] 0.7312404751777649 0.017729007093584097
spearmans:  [0.62851727 0.65037928 0.66055446 0.63033489 0.62917612] 0.639792401995919 0.01320926517464749
over:  [0.13 0.12 0.16 0.06 0.24] 0.142 0.058787753826796275
MLP方法结果：
ndcg:  [0.84579819 0.88821936 0.86857802 0.85976958 0.85183972] 0.8628409743309021 0.014818186821123493
spearmans:  [0.64933691 0.6796493  0.66121323 0.67802005 0.67212877] 0.6680696503467906 0.011379818518471415
over:  [0.36 0.44 0.45 0.41 0.44] 0.42000000000000004 0.032863353450309975

20%
LR方法结果：
ndcg:  [0.8566035  0.85416728 0.83774132 0.85537434 0.87515181] 0.855807650089264 0.011866769054212734
spearmans:  [0.72498745 0.73398339 0.71183755 0.71766232 0.72478992] 0.7226521245027391 0.00748698517421874
over:  [0.34 0.3  0.31 0.33 0.35] 0.32599999999999996 0.01854723699099141
RF方法结果：
ndcg:  [0.66490257 0.74515301 0.6949597  0.67843568 0.78242224] 0.7131746411323547 0.044015040557412066
spearmans:  [0.64668136 0.61176907 0.64042666 0.62093087 0.63498526] 0.6309586445293027 0.012820739714551341
over:  [0.08 0.17 0.09 0.09 0.21] 0.12799999999999997 0.05230678732248808
MLP方法结果：
ndcg:  [0.8095414  0.86615485 0.84051722 0.8326565  0.89050215] 0.8478744268417359 0.027951498466575818
spearmans:  [0.66410536 0.68485673 0.67849982 0.669365   0.67651669] 0.6746687193609879 0.007233279818739333
over:  [0.27 0.39 0.32 0.25 0.39] 0.324 0.05851495535331118

10%
LR方法结果：
ndcg:  [0.84587413 0.8430571  0.82197016 0.84291428 0.8572877 ] 0.8422206759452819 0.011416014952406225
spearmans:  [0.69820727 0.70472415 0.67154263 0.71252078 0.69709785] 0.6968185356954507 0.013783595643468625
over:  [0.33 0.36 0.25 0.29 0.31] 0.308 0.03709447398198281
RF方法结果：
ndcg:  [0.73842835 0.62415683 0.72883242 0.71714973 0.62527776] 0.6867690205574035 0.05111255404454751
spearmans:  [0.55550811 0.61106318 0.5719803  0.62132289 0.60621204] 0.5932173050557994 0.025100822040209005
over:  [0.24 0.03 0.13 0.14 0.01] 0.11000000000000001 0.08318653737234169
MLP方法结果：
ndcg:  [0.85135609 0.82228732 0.8144536  0.83728445 0.85023445] 0.8351231813430786 0.014754793061711204
spearmans:  [0.64443985 0.66957058 0.63864161 0.66314969 0.6630669 ] 0.6557737268717643 0.011999286811606712
over:  [0.36 0.29 0.23 0.29 0.29] 0.292 0.041182520563948