50
ndcg:  [0.90205485 0.87067938 0.87016529 0.87196511 0.88590693] 0.8801543116569519 0.012404386732357739
spearmans:  [0.74097038 0.76318941 0.76233699 0.74635482 0.73076234] 0.7487227878580003 0.012513306515553907
RMSE:  [1.39749098 0.92665273 0.79857194 1.3671248  1.31496036] 1.1609601616859435 0.24835133893250486
[0.46 0.33 0.38 0.37 0.37] 0.382 0.04261455150532504

ndcg:  [0.90292603 0.86536521 0.87586582 0.88554507 0.88575745] 0.8830919146537781 0.01243356538724483
spearmans:  [0.74608185 0.73965614 0.76134412 0.76277254 0.76022856] 0.7540166416210747 0.009360880641928523
RMSE:  [1.34415317 0.91300035 0.85387629 1.93210816 1.33632576] 1.2758927464485168 0.3869674639159839
[0.46 0.37 0.37 0.39 0.35] 0.38800000000000007 0.03815756805667784

10%
ndcg:  [0.895284   0.84887362 0.87575132 0.86712736 0.87573779] 0.8725548148155212 0.015014800337838106
spearmans:  [0.74325178 0.73870856 0.718667   0.76086289 0.72421612] 0.7371412708433337 0.01490548956575446
RMSE:  [1.41776168 1.41110468 1.29086459 1.95733333 1.48397183] 1.5122072219848632 0.23111414148096945
[0.43 0.35 0.37 0.38 0.34] 0.374 0.03136877428271624

30%
ndcg:  [0.89303362 0.8401562  0.87841892 0.87977946 0.87040091] 0.8723578214645386 0.017663977665366704
spearmans:  [0.73403292 0.7193659  0.71776524 0.77018394 0.73265818] 0.7348012364772588 0.018897583460576347
RMSE:  [1.60007334 1.16357708 1.09686923 0.75142407 1.23174047] 1.1687368392944335 0.27179483184362974
[0.42 0.33 0.39 0.39 0.34] 0.37400000000000005 0.03382306905057551

50%
ndcg:  [0.88181114 0.86730134 0.8645004  0.88145751 0.887716  ] 0.8765572786331177 0.009024110282635644
spearmans:  [0.75175203 0.77150853 0.75000842 0.74320233 0.76281838] 0.7558579389587617 0.01004618111958104
RMSE:  [0.92632747 1.86631143 0.80363733 1.40468049 2.01399446] 1.4029902338981628 0.48464973931159483
[0.43 0.36 0.36 0.39 0.37] 0.382 0.026381811916545844

70%
ndcg:  [0.89429545 0.86274672 0.87867886 0.85989547 0.87398314] 0.8739199280738831 0.012323470584223924
spearmans:  [0.73536933 0.7491382  0.74739919 0.70804212 0.74694423] 0.7373786124670414 0.015458771043312334
RMSE:  [1.40439785 0.90788203 1.18611205 1.48572803 1.17927527] 1.232679045200348 0.20200726660941967
[0.44 0.35 0.38 0.37 0.35] 0.378 0.033105890714493706

90%
ndcg:  [0.89215517 0.85728258 0.88062239 0.88378376 0.883708  ] 0.8795103788375854 0.011756565795280683
spearmans:  [0.74702981 0.74458658 0.73274999 0.70241554 0.75657987] 0.7366723550011365 0.018735715373709303
RMSE:  [1.07322609 1.81467521 1.0872674  1.10954928 1.77183461] 1.3713105201721192 0.34497697385666837
[0.45 0.36 0.4  0.39 0.36] 0.392 0.033105890714493706


100
ndcg:  [0.88965529 0.85779756 0.87374228 0.84578139 0.88106549] 0.8696084022521973 0.015858462699460583
spearmans:  [0.74698997 0.73052771 0.74196316 0.68972214 0.76255873] 0.7343523418751909 0.024575263301106966
RMSE:  [1.16791654 0.85863692 1.13791573 1.27777362 0.78678179] 1.0458049178123474 0.18938319368005854
[0.43 0.36 0.37 0.33 0.35] 0.36800000000000005 0.03370459909270543

200
ndcg:  [0.87432647 0.86058974 0.86170417 0.86796629 0.88362086] 0.8696415066719055 0.00854532851964288
spearmans:  [0.75077446 0.74307302 0.76318432 0.72009386 0.72895196] 0.7412155207794326 0.015322997686146218
RMSE:  [1.13474047 1.47859132 0.95186698 0.94013351 1.12701273] 1.1264690041542054 0.19455879374404927
[0.4  0.37 0.37 0.35 0.38] 0.374 0.016248076809271934

300
ndcg:  [0.89322519 0.87343442 0.8790645  0.83720332 0.8783074 ] 0.8722469687461853 0.018723037054767147
spearmans:  [0.74099231 0.74122544 0.74632165 0.68776298 0.76307874] 0.7358762237524453 0.025372254397384702
RMSE:  [1.05527794 1.54772091 1.40297437 1.27439058 2.03231025] 1.4625348091125487 0.32762923376258035
[0.43 0.34 0.39 0.35 0.39] 0.38000000000000006 0.0322490309931942

400
ndcg:  [0.89844394 0.85233563 0.87226272 0.87572134 0.88927382] 0.8776074886322022 0.015754693556269087
spearmans:  [0.75048757 0.73163809 0.74820501 0.75511176 0.74962567] 0.7470136211024252 0.008028668145350894
RMSE:  [1.09504819 1.00450146 2.27205205 0.86461341 1.07228231] 1.2616994857788086 0.5115255604179789
[0.48 0.34 0.4  0.36 0.39] 0.394 0.047999999999999994

ndcg:  [0.88942194 0.79581255 0.85843223 0.87647694 0.88408041] 0.8608448147773743 0.034164088706388415
spearmans:  [0.73004111 0.71917456 0.75212668 0.75477561 0.75658473] 0.7425405383630729 0.015106524279008108
RMSE:  [1.07643783 1.58805835 0.80093443 0.82760209 1.7929908 ] 1.2172047019004821 0.4034720584002876
OVER:  [0.42 0.26 0.33 0.33 0.38] 0.34400000000000003 0.053888774341229906


RGTN:
ndcg:  [0.92176545 0.91492039 0.91317779 0.91304564 0.91583878] 0.9157496094703674 0.003187837610937848
spearmans:  [0.7868247  0.79881266 0.7747296  0.7902046  0.77340225] 0.7847947637617073 0.009601929996400015
RMSE:  [1.83238924 1.84620833 1.9712106  1.62005508 2.35185528] 1.9243437051773071 0.2417084934836677
[0.64 0.67 0.66 0.6  0.67] 0.648 0.02638181191654586

ndcg:  [0.89479554 0.92770672 0.88817459 0.91297883 0.90223026] 0.9051771879196167 0.013957052665132606
spearmans:  [0.70890792 0.73360144 0.72290364 0.77904819 0.74726775] 0.7383457877484376 0.023932590769616274
RMSE:  [1.01663268 0.80786967 0.89876318 0.73430043 1.10420966] 0.9123551249504089 0.13452687041379766
[0.58 0.7  0.63 0.57 0.6 ] 0.6159999999999999 0.04673328578219169
[0.56425942 0.53851197 0.43863655 0.96722078 0.42017944] 0.5857616329193116 0.19862990942782682

ndcg:  [0.90032715 0.93099034 0.92245859 0.78672618 0.9062435 ] 0.8893491506576539 0.05247405783039165
spearmans:  [0.78903335 0.77283789 0.7948219  0.55798747 0.78680717] 0.7402975526802631 0.09144076422955597
RMSE:  [0.77980286 0.96689409 1.35737979 1.13211226 0.74318004] 0.9958738088607788 0.22831036608959696
[0.51 0.59 0.51 0.29 0.57] 0.49400000000000005 0.1068831137270991